service_id,monday,tuesday,wednesday,thursday,friday,saturday,sunday,start_date,end_date
86.0.1,1,1,1,1,1,0,0,20260705,20261003
86.0.2,0,0,0,0,0,1,0,20260705,20261003
86.0.3,0,0,0,0,0,0,1,20260705,20261003
87.0.1,1,1,1,1,1,0,0,20261004,20270102
87.0.2,0,0,0,0,0,1,0,20261004,20270102
87.0.3,0,0,0,0,0,0,1,20261004,20270102
86.10.1,0,0,0,0,0,0,0,20260705,20261003
86.108.2,0,0,0,0,0,0,0,20260705,20261003
86.109.2,0,0,0,0,0,0,0,20260705,20261003
86.123.3,0,0,0,0,0,0,0,20260705,20261003
86.135.2,0,0,0,0,0,0,0,20260705,20261003
86.136.2,0,0,0,0,0,0,0,20260705,20261003
86.145.2,0,0,0,0,0,0,0,20260705,20261003
86.147.3,0,0,0,0,0,0,0,20260705,20261003
86.149.2,0,0,0,0,0,0,0,20260705,20261003
86.152.2,0,0,0,0,0,0,0,20260705,20261003
86.153.2,0,0,0,0,0,0,0,20260705,20261003
86.2.1,0,0,0,0,0,0,0,20260705,20261003
86.3.1,0,0,0,0,0,0,0,20260705,20261003
86.4.1,0,0,0,0,0,0,0,20260705,20261003
86.64.2,0,0,0,0,0,0,0,20260705,20261003
86.71.3,0,0,0,0,0,0,0,20260705,20261003
86.72.3,0,0,0,0,0,0,0,20260705,20261003
86.9.1,0,0,0,0,0,0,0,20260705,20261003
86.91.1,0,0,0,0,0,0,0,20260705,20261003
86.91.2,0,0,0,0,0,0,0,20260705,20261003
86.91.3,0,0,0,0,0,0,0,20260705,20261003
86.92.1,0,0,0,0,0,0,0,20260705,20261003
86.92.2,0,0,0,0,0,0,0,20260705,20261003
86.92.3,0,0,0,0,0,0,0,20260705,20261003
87.1.1,0,0,0,0,0,0,0,20261004,20270102
87.10.1,0,0,0,0,0,0,0,20261004,20270102
87.108.2,0,0,0,0,0,0,0,20261004,20270102
87.123.3,0,0,0,0,0,0,0,20261004,20270102
87.135.2,0,0,0,0,0,0,0,20261004,20270102
87.152.2,0,0,0,0,0,0,0,20261004,20270102
87.2.1,0,0,0,0,0,0,0,20261004,20270102
87.3.1,0,0,0,0,0,0,0,20261004,20270102
87.4.1,0,0,0,0,0,0,0,20261004,20270102
87.71.3,0,0,0,0,0,0,0,20261004,20270102
87.72.3,0,0,0,0,0,0,0,20261004,20270102
87.88.3,0,0,0,0,0,0,0,20261004,20270102
87.9.1,0,0,0,0,0,0,0,20261004,20270102
87.91.1,0,0,0,0,0,0,0,20261004,20270102
87.91.2,0,0,0,0,0,0,0,20261004,20270102
87.91.3,0,0,0,0,0,0,0,20261004,20270102
